IDF1   IDP   IDR   MOTA   IDs  time


resnet50融合deepsort-iou=0.55:  70.32 69.66 71.01 69.19  0.184215
resnet101融合deepsort-iou=0.55:  71.64 71.22 72.07  0.237791

resnet50融合resnext-iou=0.55:  70.43 71.20 69.67  0.272534  0.273014
resnet101融合resnext-iou=0.55:  71.88 72.94 70.86  0.327278

resnet101-iou=0.6:  68.64 67.70 69.62 71.63  total: 0.021641   // track: 0.005205
resnet50-iou=0.6:  60.61 68.00 54.66 54.73  0.056020
resnext101-iou=0.6:  62.68 64.13 61.29 64.37  0.073424
deepsort-iou=0.6:  71.66 67.82 75.97 73.84  0.080417

resnet50融合resnext-iou=0.6:  73.22 72.96 73.47 69.73  total: 0.068824  // track: 0.007412

avg-avg:  69.78 70.63 68.95 66.90
avg-min:  69.78 70.63 68.95 66.90
min-min:  73.22 72.96 73.47 69.73 105
min-avg:  73.22 72.96 73.47 69.73 105

resnet101融合resnext-iou=0.6:  71.85 73.01 70.73 69.25

avg-avg:  71.85 73.01 70.73 69.25
avg-min:  71.85 73.01 70.73 69.25
min-min:  71.96 73.71 70.29 68.11
min-avg:  71.96 73.71 70.29 68.11

resnet101融合deepsort-iou=0.6:  71.93 71.37 72.50 67.76  0.237448

avg-avg:  71.93 71.37 72.50 67.76
avg-min:  71.93 71.37 72.50 67.76
min-min:  71.62 72.12 71.13 68.44
min-avg:  71.62 72.12 71.13 68.44

resnet50融合deepsort-iou=0.6:  69.87 68.66 71.12 70.29  0.183815

avg-avg:  69.87 68.66 71.12 70.29
avg-min:  69.87 68.66 71.12 70.29
min-min:  71.39 71.71 71.07 70.83
min-avg:  71.39 71.71 71.07 70.83
